instances/tb1ct100_1.txt 2384.66642142 334 1340.68
instances/tb1ct100_2.txt 2408.07873188 275 1122.684
instances/tb1ct100_3.txt 2428.90110842 215 866.784
instances/tb1ct200_1.txt 3871.70866909 335 12784.76
instances/tb1ct200_2.txt 3851.34693475 219 8387.468
instances/tb1ct200_3.txt 4050.23716292 335 12879.416
instances/tb1ct300_1.txt 3572.75174505 43 7338.564
instances/tb1ct300_2.txt 3631.13031854 42 7269.304
instances/tb1ct300_3.txt 3222.22496785 42 7229.056
instances/tb1ct400_1.txt 3426.63250488 13 7515.044
instances/tb1ct400_2.txt 3450.61720141 13 7576.744
instances/tb1ct400_3.txt 3244.8139278 13 7538.592
instances/tb2ct500_1.txt 3450.35883325 5 8351.276
instances/tb2ct500_2.txt 3310.76409625 5 8337.48
instances/tb2ct500_3.txt 3367.93502622 5 8513.392
